{
  "backend": "cpu",
  "instruments": [
    "XAU_USD"
  ],
  "base_tf": "M15",
  "feature_columns": [
    "m15_ret1",
    "m15_ret4",
    "m15_atr_pct",
    "m15_trend",
    "m15_bbw",
    "m15_body_pct",
    "m15_range_pct",
    "m15_vol_z",
    "m15_sess_asia",
    "m15_sess_europe",
    "m15_sess_us",
    "m15_sess_eu_us_overlap",
    "m15_hour_sin",
    "m15_hour_cos",
    "m15_wday_sin",
    "m15_wday_cos",
    "h1_ret1",
    "h1_ret4",
    "h1_atr_pct",
    "h1_trend",
    "h1_bbw",
    "h1_body_pct",
    "h1_range_pct",
    "h1_vol_z",
    "h4_ret1",
    "h4_ret4",
    "h4_atr_pct",
    "h4_trend",
    "h4_bbw",
    "h4_body_pct",
    "h4_range_pct",
    "h4_vol_z",
    "d1_ret1",
    "d1_ret4",
    "d1_atr_pct",
    "d1_trend",
    "d1_bbw",
    "d1_body_pct",
    "d1_range_pct",
    "d1_vol_z"
  ],
  "train_mean": {
    "m15_ret1": 1.2734113024041422e-05,
    "m15_ret4": 5.061903324789809e-05,
    "m15_atr_pct": 0.0010021811982668812,
    "m15_trend": 0.00017031024166213154,
    "m15_bbw": 0.0044674598125302644,
    "m15_body_pct": 1.1900741106817572e-05,
    "m15_range_pct": 0.0009983156877342006,
    "m15_vol_z": 0.06783536519856836,
    "m15_sess_asia": 0.3038568450312717,
    "m15_sess_europe": 0.26268241834607364,
    "m15_sess_us": 0.38064628214037527,
    "m15_sess_eu_us_overlap": 0.17512161223071576,
    "m15_hour_sin": 0.026197262958929057,
    "m15_hour_cos": -0.04132104202347278,
    "m15_wday_sin": 0.3653156210134578,
    "m15_wday_cos": -0.07332342124165574,
    "h1_ret1": 1.3500791688926262e-05,
    "h1_ret4": 5.3270672219682645e-05,
    "h1_atr_pct": 0.002061664201774706,
    "h1_trend": 0.00017388078850035714,
    "h1_bbw": 0.004326706650283113,
    "h1_body_pct": 4.770669437561289e-05,
    "h1_range_pct": 0.0020625769580575925,
    "h1_vol_z": 0.08054397486268787,
    "h4_ret1": 1.3499593597280081e-05,
    "h4_ret4": 5.3115967328786674e-05,
    "h4_atr_pct": 0.004251668944051202,
    "h4_trend": 0.0001751863175477607,
    "h4_bbw": 0.0038032551440769853,
    "h4_body_pct": 0.00017505420496412082,
    "h4_range_pct": 0.004254461305585847,
    "h4_vol_z": 0.18782891344487934,
    "d1_ret1": 1.4332967910558414e-05,
    "d1_ret4": 5.7331871642233655e-05,
    "d1_atr_pct": 0.011559042278075046,
    "d1_trend": 0.00019951879212024828,
    "d1_bbw": 0.0018603712643914941,
    "d1_body_pct": 0.0011959738229062676,
    "d1_range_pct": 0.011571603157833017,
    "d1_vol_z": -0.003338377174902922
  },
  "train_std": {
    "m15_ret1": 0.0007712980098883351,
    "m15_ret4": 0.001564003100261317,
    "m15_atr_pct": 0.0005285763166925344,
    "m15_trend": 0.00134720228630896,
    "m15_bbw": 0.0037111430076618205,
    "m15_body_pct": 0.0007637724328792066,
    "m15_range_pct": 0.0008294507740501291,
    "m15_vol_z": 1.2410304587726706,
    "m15_sess_asia": 0.4599615399704718,
    "m15_sess_europe": 0.44012954878667077,
    "m15_sess_us": 0.48558794798350935,
    "m15_sess_eu_us_overlap": 0.3801041091258544,
    "m15_hour_sin": 0.7129839314273354,
    "m15_hour_cos": 0.699595264730814,
    "m15_wday_sin": 0.5186251111312794,
    "m15_wday_cos": 0.7696400491806005,
    "h1_ret1": 0.000769631888274187,
    "h1_ret4": 0.0015371293070022378,
    "h1_atr_pct": 0.0011615984880263097,
    "h1_trend": 0.0013431012643643377,
    "h1_bbw": 0.0037361752114560094,
    "h1_body_pct": 0.0015232590098661857,
    "h1_range_pct": 0.0015943749894986735,
    "h1_vol_z": 1.3233933043320187,
    "h4_ret1": 0.0007678347274028323,
    "h4_ret4": 0.0015335270840711186,
    "h4_atr_pct": 0.002667293713386363,
    "h4_trend": 0.001328875281192101,
    "h4_bbw": 0.0040920453598121435,
    "h4_body_pct": 0.0030311808992279916,
    "h4_range_pct": 0.0030345226094570777,
    "h4_vol_z": 1.3869476165926016,
    "d1_ret1": 0.000752895601390913,
    "d1_ret4": 0.0015049722623312238,
    "d1_atr_pct": 0.005239890199692862,
    "d1_trend": 0.0013451628172173303,
    "d1_bbw": 0.005169850214464279,
    "d1_body_pct": 0.007036829281561695,
    "d1_range_pct": 0.005421372084101917,
    "d1_vol_z": 0.7371978060362194
  },
  "centers": [
    [
      0.006072529565898459,
      0.008686659919049754,
      -0.48816562058485674,
      0.03426887185867844,
      -0.39461205792230436,
      0.00681597093349612,
      -0.27848189189794215,
      0.18616157565168898,
      0.5601310216155228,
      0.3614736027222218,
      -0.7588968330037144,
      -0.42879432778204574,
      0.787999259596533,
      0.11957492687922795,
      -0.0014169026361381645,
      -0.0016366136876200118,
      0.005004565242691646,
      0.007340799041663762,
      -0.48336243041724775,
      0.03509737268433038,
      -0.37491304646797424,
      0.008761588553170776,
      -0.3178805017766567,
      0.21714150076728467,
      0.00045537276896647985,
      0.005453169424976924,
      -0.4620030758676043,
      0.043857128392811175,
      -0.25188680355846893,
      0.0002848349104358528,
      -0.30100884595150446,
      0.39227631792587714,
      0.01782275940132712,
      0.04010414380715951,
      -0.10397066900309598,
      0.09398335940715104,
      0.29022866787890783,
      0.023330281780879727,
      -0.06415871829287943,
      0.05267518520062797
    ],
    [
      -0.7899144242961096,
      -1.1164954299234457,
      1.1088968221163469,
      -0.5385654716600577,
      0.9159116116791988,
      -0.7900468247865904,
      1.0488180271723437,
      0.6655560714311495,
      -0.6132034245011609,
      -0.14737275396105617,
      0.8231826001762762,
      1.2808915914099688,
      -0.5848334036011813,
      -0.9318169723665649,
      0.056856254734889276,
      -0.06822361269732065,
      -0.5965468991176194,
      -1.17951810011234,
      1.0940576928577874,
      -0.6391207641359314,
      0.9728928796923412,
      -1.1873687148271848,
      1.1883438155757164,
      0.6710100989797317,
      -0.29500337199783067,
      -0.5944424565216775,
      1.2103577648753683,
      -0.9773630335493019,
      1.0197109243420812,
      -1.2835445028039527,
      1.219169246280248,
      0.3317928602833187,
      -0.004989518136478743,
      -0.031067343339116142,
      0.28690703312220334,
      -0.47797377821213716,
      -0.3251458135291322,
      -0.7012888757395912,
      0.26935649386894767,
      -0.018616283670687978
    ],
    [
      0.8365558062572792,
      1.1674555305524268,
      1.3614004216053393,
      0.9726852777518891,
      1.2777174161410394,
      0.8304476533834303,
      1.2583629919922577,
      0.5429231635401858,
      -0.5728136088586266,
      -0.16863416711998302,
      0.7487510524102687,
      1.0166079240669181,
      -0.5891885498205438,
      -0.7025654797045683,
      -0.07199419838376862,
      -0.37802495503631417,
      0.6255471995141932,
      1.2186828730989263,
      1.47674233999805,
      1.0701368905553053,
      1.3411309770480375,
      1.216339287235062,
      1.487300808288967,
      0.5136511390207122,
      0.30244750434227274,
      0.5687821606483624,
      1.5370119940141576,
      1.3378307894936483,
      1.2461423247749737,
      1.3488264507457428,
      1.5931148979888143,
      0.228361156945162,
      -0.043769398249175556,
      -0.08850675958892949,
      1.102559764360357,
      0.41607712709808403,
      -0.2504050187941481,
      1.031475737772552,
      1.0369469883602576,
      0.0549744481193547
    ],
    [
      0.03469313818633868,
      0.05386897348246377,
      0.04438640655647624,
      -0.17121236370377696,
      -0.031881000961992575,
      0.03533681966173313,
      -0.3097725830963071,
      -0.8266755256062737,
      -0.6577992296243167,
      -0.5953591843072097,
      0.9035874869008972,
      -0.028203635464473683,
      -1.1137661174700066,
      0.3876871156316803,
      0.0034015558299965195,
      0.15881072563373286,
      0.027469026576808473,
      0.06547147571692419,
      0.0022530710216850536,
      -0.16386248662007397,
      -0.11577699556414843,
      0.06671857738394975,
      -0.36705210355524076,
      -0.8802275156473848,
      0.01989063494630673,
      0.044814640759228426,
      -0.1085103842181374,
      -0.13069600483347998,
      -0.3460489050231902,
      0.0788202943497963,
      -0.44877050599350393,
      -0.9888733406274303,
      -0.018367790085084275,
      -0.03644581557156746,
      -0.2851254517420077,
      -0.12689721897165948,
      -0.35336762867580085,
      -0.10179543984906579,
      -0.3343167449425242,
      -0.1147195460078984
    ]
  ],
  "regime_to_strategy": {
    "0": "MeanReversion",
    "1": "Breakout",
    "2": "EMATrendPullback",
    "3": "MeanReversion"
  },
  "feature_lag_bars": 1,
  "kmeans_restarts": 2,
  "regime_stability": {
    "transition_counts": [
      [
        2943,
        55,
        39,
        12
      ],
      [
        26,
        522,
        42,
        52
      ],
      [
        15,
        47,
        425,
        32
      ],
      [
        64,
        18,
        14,
        1449
      ]
    ],
    "transition_probs": [
      [
        0.9652345031157756,
        0.01803870121351263,
        0.012791079042308954,
        0.003935716628402755
      ],
      [
        0.040498442367601244,
        0.8130841121495327,
        0.06542056074766354,
        0.08099688473520249
      ],
      [
        0.028901734104046242,
        0.0905587668593449,
        0.8188824662813102,
        0.06165703275529865
      ],
      [
        0.041423948220064725,
        0.011650485436893204,
        0.009061488673139158,
        0.9378640776699029
      ]
    ],
    "avg_regime_duration_bars": {
      "0": 28.764150943396228,
      "1": 5.35,
      "2": 5.473684210526316,
      "3": 16.09375
    },
    "regime_counts": {
      "0": 3049,
      "1": 642,
      "2": 520,
      "3": 1545
    }
  },
  "created_at_utc": "2026-02-28T19:43:06.584636Z"
}